582338
475477
368303
311273
248310
228412
998700
69717107
3606161
187338433
739569
2301642
643084
627950
1081143
8031750
1608255
1370781
1106738
879636
4144735
1389848
1536737
611072
13964339
4670936
2190962
1671926
12542198
1162095
803860
1367123
2181178
8871276
1686695
67020
3220594
580548
4269788
1064426
3877964
918209
893849
3023300
58675
3911452
56695
827234
929235
380951
53953
41391566
53049
4314505
873317
5839958
954041
1550839
346376
835190
538504
5821586
1269066
513691
2001640
231275
769528
493477
1193682
1719260
7144799
1434354
386900
469059
296120
547058
10313639
454660
1357161
2484036
603495
280961
2340470
514504
825423
821688
1282568
731956
1265765
3100161
25647581
413918
1530062
483161
626741
771125
1569637
541205
169001089
177035
598611
1500481
34708
8458624
34464
4697020
1053737
913116
975830
9506901
6785650
5022691
34248971
1489556
2983434
1463771
1266627
615164
1450259
802023
736744
31746
1867443
3686933
5482628
10109138
278361
767830
580331
30419
575600
5226867
1893260
389121
985170
386073
5894583
33143347
4638288
59964695
838643
1580814
315778
1345968
4833917
1393172
930527
872089
646280
7428998
1640748
1026605
360290
2571644
1558694
2319260
1059489
189138
2555898
832255
1097232
293451
5164296
396434
3082679
761747
3950298
808544
1374105
1060886
1315748
1726838
1154178
1460543
6770611
1347652
5004430
935478
277853
5415510
8567796
124665
2067558
5147031
123985
2299889
320336
712685
3112766
946709
606338
1376495
3826559
5296111
884435
31068049
1211960
874905
1817754
12881424
3218358
352088
1147363
6594699
1090874
898791
1404702
804719
1812134
8732762
388748
1118786
524741
1890732
2517041
1382191
2419012
558085
5368124
288933
554029
770635
4014998
807772
196209
413930
2197293
542749
1190743
583740
410497
2091384
4616596
1305395
21385
3182149
1216514
4667711
3041760
783897
1245064
1031331
272552
5503257
1650939
1647759
436892
145445
63481287
7927716
185472
761545
1170999
390090
963763
839170
184094
387926
346030
950881
1191504
2117928
503966
1100839
10695538
5934027
8625944
575701
7003608
929797
4006696
19703
29839010
962172
644703
1657803
253262
97354
4288695
870849
1523784
288693
3430120
629985
6728098
2798789
1274957
171080
550965
1269546
2058852
1188105
1675800
1068251
1329940
18655
6544376
723087
1906795
7076029
350501
1087308
386814
2668193
1120246
1852073
128044
201113
54714
7324877
6871940
887167
11969259
1425516
7264966
2684768
2175048
949995
8402584
17849
1552091
160335
444960
551493
14749211
1931029
829199
16160030
4820824
17506
1170820
504957
365495
399947
642249
294044
570540
535490
500063
396081
189182
1494956
119970
1010745
6291566
255426
697867
2396913
4297184
1272246
456654
1739852
219408
16870
1802874
286198
1496458
788295
3501045
2292100
517158
416721
12269879
415193
746135
910836
1241046
1168739
2017476
1620611
2402568
963537
473045
15636990
564567189
372985
80895
1374698
661053
1722549
3619418
304942
528234
207700
175680
1037331
1386347
939112
1733029
1096238
460566
1348933
2076632
1250468
237255
238480365
1595168
1497654
772191
1557293
2057660
8208964
735839
140651
9247412
109120
264723
4839423
606656
449821
27433122
5210627
2857413
632375
1217199
785237
2010667
444492
2188021
290415
6184049
2271997
5464782
896276
924459
4346563
741344
200247819
710127
736881
917036
2116184
14989
1992151
403488
1956378
909789
253050
3256694
727245
1112408
74088
1432686
634089
3169431
73519
366083
1682920
541290
335842
72940
189526
1586126
828666
275878
17833899
1637699
1372160
1978191
937981
129834
820775
2050381
616361
358024
1502340
1186490
357161
899235
1384121
441553
1409279
866791
440369
354609
1488918
7200651
1513246
550260
70484
1250958
1248053
1078526
461958
97962
1021023
181773
6314123
2909806
875618
1485892
429881
152495
1233127
1564328
678145
1286003
345213
593600
537476
178908
646642
261044
13713
1164594
1218724
2695391
135892068
40967
668584
694350
747584
611493
638323
582889
21386868
3858114
2474642
1444975
822886
1037890
175087
3719785
362289
576826
1433458
1190113
414315
1295383
865993
1585019
2966369
4766758
358316
729714
2159807
4139865
1176543
462209
1330728
408232
65793
28165588
4509981
170801
1563094
668877
668538
1137569
273827
1549360
9697354
845655
1079029
1675793
2324747
765686
16087443
297602
1952379
658116
7208165
1506471
5264925
887564
757823
294849
1038131
1063249
7770174
345042
728072
9641448
598901
6086238
164983
900422
7290425
4369080
797643
88522
1175807
2336220
845494
8213249
466258
289768
515940
56852069
741240
788745
1162995
687634
1086461
935744
3852615
1257828
285848
757602
10083476
978490
1473595
1964927
506337
555486
37007
1294391
922706
701100
1118054
993644
9696915
19569046
967822
12245
3895991
3748609
350625035
1108959
2761472
1373455
1566903
303465
157494
41833269
4727748
6490299
2621016
301895
181020
687435
686699
180594
829671
2822085
14826631
4709484
4538834
610508
69501846
608838
1393238
154739
1606575
4627385
6526596
3482503
676638
1435776
770166
673289
507398
7842148
765584
6292346
317363
1796564
152463
152432
1113478
386552
456465
7170357
946515
1179985
1670000
221576
1526793
1316214
384227
965811
1337905
360293
104580
1751840
382397
2443092
73914009
288838
1166219
911117
495827
1140885
1923394
3142388
929817
263868
630134
217598
926940
514470
8350852
1859945
1150495
967868
19592745
8796866
3826357
7156328
6404163
2685839
2048110
2318370
2045794
598256
1229222
11262
686755
437847
1380134
1222365
997523
55999
2048433
1443444
4911280
1195731
5372237
78153
234417
1015249
790523
166920
2458846
6751019
2009775
3785684
188660
1208331
653932
1052370
1140578
99428
1269793
1467752
1378971
1003171
9064521
955487
3125601
1326774
1676765
514902
2661684
3952791
1653091
15564725
15851427
141943
905935
6664314
381418
555489
1185151
641280
2532073
792896
249167
725584
119043
1135344
1567046
2732814
1543572
1327004
4127806
721849
1604483
10767
484244
42953963
548342
2698245
53704
4198952
461150
46766903
6431220
8803840
737364
288194
841259
3097263
860688
1264047
3425860
985739
434357
518938
942094
39532862
1447800
496445
770441
1804436
4459946
2664913
242106
6468435
872833
10508
1249579
1751903
1477953
596312
240578
846981
1285328
1410045
156621
6041700
4365842
260283
5837964
572075
2235938
343026
123775589
425439
4056596
507968
1999823
942474
142867288
858669
7724369
340968
10328
1600511
1104348
835608
1247667
1102445
1122349
894144
503363
46568806
522933
1095607
808656
2567689
4487438
724087
50960
4956756
2065532
640929
132154
2164311
1005794
3909638
1147155
5160223
6940299
819933
50544
2857376
1160601
1644779
3195865
231772
674658
1822312
1036232
593481
1035614
1416630
411499
1816080
1151813
2793986
550135
430042
7685095
4666334
329498
468597
1066494
787296
1544243
1025574
2337171
2952495
586266
745145
1459211
1140235
1496311
485417
2148773
2025559
11805830
2339724
4570197
463729
581961
818339
660303
581128
777787
2706714
1386618
1130446
540340
912887
1874322
1225433
1126441
1517174
20549826
224653
2469106
1258421
926614
6301017
1041471
48605
4264621
1971200
50357430
8253185
1832709
1095291
1501351
648612
106444
10477052
67690
12419759
67486
1165750
2032559
394628
7800618
721290
662864
4351257
566027
1178106
258294
6607751
2703299
30578103
1764328
505388
219055
1323502
32960088
694705
47550
921994
104486
921013
2154502
730434
3252890
6569553
1033169
558868
445141
861186
898803
179689
709020
2107876
1350620
2445585
198108
7811349
2402138
423740
1363604
216239
291301
216042
3502734
7818395
1473192
946862
11479761
178007
1338527
383476
1561562
888199
513229
643704
1704593
31890674
120998
195309
2258282
83565
1160191
1827997
1753541
64929
83385
2176465
1304889
1193232
896897
1691658
101607
563389
8186062
4025467
5953946
1886254
1977526
1331854
871835
889858
2484558
650452
1474422
2664620
8797482
1765947
6245587
1928743
831520
191606
300837
227823
610417
919731
1483231
2881402
1844065
118078
2042424
2659367
1170563
27212
1639832
443771
280685
370915
262291
1347473
696177
2628791
81273
189501
2496021
6168780
1845469
494889
5044862
170839
1463009
1031939
116612
385672
959014
1102157
62672
2962463
8833871
490920
3077964
8918
508056
1310097
8544825
2091436
702668
24546368
2069532
381886
168642
2456633
6392859
274834
912525
1886412
97330
1194095
663080
609893
1705148
8947761
1050756
45567756
608772
626202
185087
537450
537327
1259204
1804534
906254
2522604
4754070
2168060
886333
1148818
1324060
2392475
1024998
779611
1339473
761145
673581
14299445
515423
1091630
584129
1438044
304971
862247
426530
9716643
1365266
999924
1241448
1328115
511978
494513
529157
1291386
112596
874691
1012920
1185414
960021
2651687
733696
1044094
974101
732490
3592725
77481
714317
834622
266560
1400981
2981483
918762
60092
2411514
7744413
118511867
711140
1550632
761806
316364
4009269
401738
1990525
1442375
3301536
5979019
12571240
3842993
1576225
264039
1607898
671869
29038812
416285
2148706
670583
2180823
1790291
2060711
1212553
432357
59336
601145
35988726
1447370
973069
1344948
3474366
245072
1258238
1325098
1442351
2318841
1508722
1053356
815868
243741
193191
2880175
1301266
1770849
1737098
293529
578492
16531255
510680
544111
4543077
844680
743479
1996329
35986901
44087271
1259854
1376238
28191046
2174729
208179
824138
3054515
41589
440665
1055611
1171262
91356
4159604
3476671
4023084
953830
3589195
1433149
52767331
5636342
339236
735797
1380236
652860
41299
2865032
173231
3488327
