200178
14859
11509
48636
54317
35689
31209
64946
37564
62127
32356
55002
52250
27472
71325
17675
3351
16475
53450
15271
15060
2896
36723
493768
75779
7682
12679
92055
27115
41157
15985
42722
32981
10914
48492
18849
227988
34268
1992
776796
21159
105211
94971
1853
20169
71150
30119
36191
49536
28911
52266
14982
61338
414231
117191
17456
36090
20323
26287
19958
7649
1504
4406
185337
24729
1445
38193
9813
20723
12398
15067
25807
41645
478387
19829
17095
14353
86540
24418
21633
28917
36374
135122
55655
25794
434076
23076
189008
10787
491576
1277853
8231
19825
42973
8064
1148
55895
1128
46139
43152
9903
33804
9761
212544
37695
193923
10850733
30648
152473
47240
47006
464640
17613
36204
132164
1017
7104
11129
278973
239604
45045
10912
84074
34466
59721
16524
87954
6718
954
12357
31241
44375
76068
8418
6530
52899
76829
48621
64724
49765
17170
26047
6279
54590
72401
889
80187
46593
6146
49935
32154
19942
141171
44070
19654
60539
194409
141009
36152
14262
34288
84200
7448
38817
30464
18879
30248
31787
29977
39621
31442
202162
802
74468
1567300
37346
367552
5530
5525
54312
158460
10915270
16347
126655
13173
170791
48512
19199
54381
37170
369108
14338
84984
15726
35108
24588
42329
18473
213202
1950905
9543
492190
318305
5097
19583
25206
35261
718
88169
9311
7860
714
69157
30610
67319
43193
706
71853
972415
27087
20083
25458
22625
120756
260931
33359
30593
53596
12854
183094
35783
24929
20801
67543
39429
26028
32680
7326
39218
31117
69243
236127
32103
37272
37224
94511
7151
13635
27849
105435
157780
27657
67409
146925
2090930
5756
42827
215018
33712
52475
57429
46014
67405
28146
159308
718651
74082
32879
41540
50075
16653
28939
23972
19022
42125
45711
20090
33465
9096
26004
13863
7806147
2994
7755
10125
76752
29138
11286
27904
100071
43089
21805
13533
39239
130535
43721
11070
22596
485376
15588
32859
510827
128362
173087
269157
47562
36012
10855
34766
69863
9632
457728
497026
12969
150414
17455
56735
86821
50948
44063
558
42867
126257
51702
26068
302830
25912
6031
44373
38842
50786
46251
188730
40755
63465
190804
35118
190552
83523
127542
53207
14498
57307
32656
31436
25010
56914
157775
41931
43998
44925
333084
41666
19506
13163
2630
9983
25682
1498727
1568
140237
3646
30695
31658
60623
25358
42919
6687
29216
36320
1348890
63793
43328
11719
35117
5574
40953
68229
18642
21632
35691
853136
84537
38444
24455
71316
24400
22383
15402
33264
2481
32235
16347
181535
49922
3458
27145
42860
142323
21137
55466
490
25930
34674
114520
8281
54988
143451
35485
4362
22725
33339
129838
36149
37074
107296
3357
619319
20560
24360
2385
477
70878
6171
34572
23190
12765
5195
164783
88820
373485
19229
34192
14510
648663
26601
14448
2325
15335
15305
464
39359
22616
24423
85224
459
250309
12347
38859
737849
20514
618238
9549
492020
44013
13150
30344
195442
16695
326940
93318
16649
3136
46137
14768
696173
3064056
286175
31669
28984
36944
10231
88366
13761
11081
73116
109194
60547
12786
33920
13616
18843
38956
77430
97525
24039
34519
6533
8266
73402
29943
54168
56752
10824
30715
46276
133526
129023
28903
22825
97625
12468
48516
27853
20123
52634
388659
28615
20910
246881
42120
54794
11465
112470
3812
30898
5499
30848
15614
13911
40858
81230
39027
20546
25571
1085559
32176
61395
1376761
37054
7908
8729
109127
171278
4560
36852
552615
35114
37554
6999
16872
22616
234740
76015
117015
190050
23361
2867
29828
22411
160713
85014
31305
346540
176591
46673
15005
32760
27091
11717
14920
46340
9254
91315
9245
4415
4406
89314
33226
7600
21964
30735
45094
10751
68692
37676
699491
53489
462631
1131972
17783
43065
3649947
16168
117095
46074
11417
34212
34974
33371
65337
40251
1953
58147
34700
541968
20626
91269
8150
8914
15869
7352
29736
2701
22759
385
4264169
19607
4695909
32635
87020
114545
23358
4496466
13393
49997
5723
120800
65882
15586
80143
96033
38312
176802
33636
101643
38902
75867
40378
52420
62939
19200
56059
403938
4878
196644
61040
77468
63220
33230
581604
120196
43520
29379
78436
372
20428
35983
41901
29251
18825
68218
4187512
23924
9188
6244
4036
366
38474
24540
17204
12801
81514
1095
25191
759455
391038
39699
62971
13462
5454
315934
30145
33044
36617
50334
1085
40814
41520
1804
40005
49366
83189
96817
6552752
11120
171729
29000
28273
52569
149696
43196
29596
29545
1779
73643
46587
37965
193155
25857
10978
38543
47003
24371
20106
16563
18653
58050
20699
2454
4350818
24167
32549
71009
14336
45798
197309
69456
1744
1744
2440
50451
116496
98395
11469
20472
2428
18380
508205
17664
30809
17648
22440
36230
45177
12755
344
72623
49078
35985
47629
72262
28415
36625
16766
10605
20850
43356
15354
20806
39879
45974
24166
130135
29550
166744
31566
24036
36211
154553
1689
37487
19915
50260
15171
25933
64306
32641
50131
13787
1680
27887
29226
313833
401034
35189
181887
132757
427555
17031
80387
66222
30267
3652
3651
19555
44053
43369
441163
42010
4295
1695153
140945
41226
52431
131465
41145
375330
27280
25961
23313
25923
59336
27187
146789
19285
914621
17307
38841
256793
25108
19862
169509
92681
133592
754953
1624
4219
32102
74245
932678
42418
10680
323
53343
12602
52630
35823
54533
92566
45455
4833
178052
8881289
56847
21508
12498
29799
7999
527481
3516
59734
1593
319
317112
57552
6040
65759
37786
259385
111386
39655
14256
61107
41439
407830
250209
21130
313756
34970
63296
9125
87780
224160
187034
212715
25431
2822
31668
20970
20341
4688
71569
2186
17798
43995
338673
25852
13391
44521
10890
5283
5902
14594
27011
5273
103798
443752
4024
10830
22540
26859
40414
58916
18191
10788
111227
33569
40937
25536
30450
48863
15666
67849
152454
35879
51774
29691
109811
18016
47311
7014
92369
38710
13086
912
2126
32482
23365
22736
72433
5701453
2120
22096
25109
26913
19650
46839
35886
2711
2107
54486
20152
15329
32157
110777
39922
12891
19455
9267
37951
33731
101668
26524
62875
43751
47905
34204
73455
3863
39505
33542
145688
89276
66699
256354
17478
223043
14504
67185
117407
18626
311796
51108
44012
91792
68752
36850
6772
92729
79223195
96686
26148
56674
172892
36095
241391
94713
45409
22549
73486
116711
185015
96136
26587
59779
35858
22413
231323
34612
81669
752469
44974
76282
6089
43780
3188
52405
4341
7808
27460
30917
49975
5484
11833
68928
113705
50325
493703
62372
19231
24950
461269
287
154310
7154
16310
49491
24876
2846459
188246
23129
32219
94296
17371
12242
101591
28720
37210
599831
107008
16736
16734
4820
8220
62569
8773
366984
82268
31938
57934
21755
1976
40354
34685
3660
28986
50356
27837
80652
9834
18231
20470
3083
26066
70301
65244
65190
19298
12002
75590
37080
83889
56543
1484162
47613
27533
45306
11946
38026
132938
60744
4711
35189
30198
227300
63378
1922548
64956
39508
5587644
43346
33399
39458
142040
23435
30593
19004
98844
38262
993658
154320
27770
343616
3020
583433
278898
85229
51241
3012
36411
111959
422141
68076
27063
22684
213212
10097
36780
1906
73247
38376
6800
29630
47012
23639
34454
49641
22507
29551
24126
25188
209223
18132
163679
28391
65136
128211
22388
132938
33134
134379
882833
4500646
2958
222368
38425
55061
269
14221
15291
6704
14204
43135
39894
133056
88003
43553
17898
8280
325435
77079
55185
33850
36488
6124
17306
49773
15685
99132
146330
739914
10881
5570
8220
25719
15105
103077
131667
75495
101866
376998
265
26706
157280
1091285
7658
169682
20836
51399
264
99299
8163
91732
153651
66409
447927
12330
108317
9178
120294
66285
46868
26423
279641
6536
53576
42029
45157
35738
374747
4432
79498
32030
69522
12230
15348
47076
55365
47028
18961
32448
22060
58896
123166
39660
3369
188318
13720
608498
2327
52488
25060
3357
46743
45687
36380
35316
7473
