25736
14859
11509
13756
15519
10094
8827
11808
10733
6759
9245
5983
8039
7849
21236
14140
3351
13181
4446
4319
12049
2896
11300
30864
3695
3622
7172
3519
13944
13695
12919
17988
3110
8732
8433
8377
5809
5702
1992
11069
7694
5411
2634
1853
7334
7297
3543
4875
6833
9620
9538
3329
2344
12995
6421
4489
6277
6253
12371
3071
2164
1504
4154
5837
4114
1445
2001
7930
7815
3896
10958
7684
7599
1885
14956
3720
5219
5167
1818
10180
14225
10034
7013
9894
6948
2446
6871
4816
4795
1691
9527
18814
3299
1643
13035
1148
3226
1128
1591
12518
4402
6169
4339
12206
6093
12122
2124
5978
5948
5939
2955
16631
2931
5852
16392
1017
8119
5724
4028
11342
5663
7936
3956
1970
11077
10997
5468
15357
954
7605
5355
2670
3756
3742
5277
1312
10473
3670
3646
5118
10224
2540
10150
5062
14302
889
7049
2487
9935
7008
13905
6937
9799
3457
1209
4823
6792
3377
1682
1186
6690
13339
3310
13214
3293
4643
13080
6521
6482
12938
9121
6443
802
1601
4517
2247
8981
4469
8931
3149
8831
12467
4404
4396
4384
6182
12321
12288
6127
8582
4287
2134
6017
2996
16902
2107
2970
5912
8346
2081
2936
11736
1463
11651
2052
1018
2878
718
2027
11460
2858
714
11407
2013
2835
4006
706
7893
5569
1964
11081
5505
2742
1364
10901
5446
10878
5427
5412
2703
7639
10780
15183
1337
3780
10678
5336
5328
7520
5297
3730
1315
7412
1850
5224
5214
2601
1837
7327
10349
1822
3638
14527
10266
5126
7236
10227
7219
7196
3576
893
7131
10079
7076
884
2497
9961
2481
7015
9891
13956
13932
4917
2455
13814
6896
4870
860
3431
1210
6819
4812
3388
6750
2382
6731
9515
9504
3359
13399
1670
6668
9415
1657
6623
13191
9322
3278
13090
816
13044
6516
2302
9201
3246
9169
2287
9142
4560
12852
2266
12802
9027
12759
6374
6371
12711
12674
2239
6310
558
6299
12585
4448
8874
2214
6238
4387
1549
6189
8737
2177
6153
768
3069
8648
6113
4318
6097
6089
6081
12151
6059
8566
4263
6020
1504
12020
3003
5997
8457
2111
16878
5965
8425
8418
4204
1482
5923
11830
11796
8334
1472
11743
8290
2928
8274
727
2900
4092
1022
1443
1019
16306
1440
5733
8090
1429
5700
11383
4022
5674
8004
7988
5647
7979
7968
5628
11243
2809
2807
3967
1982
7914
7909
1398
3948
7882
7880
3933
15707
490
979
1953
3899
5511
1946
5502
7778
685
5470
3865
10922
15424
5447
5444
5427
2710
7650
676
5398
477
3806
7596
7578
5355
2675
3779
7555
15038
2658
10613
10598
10591
5284
3734
2637
10526
5258
3710
464
10478
1305
3687
651
459
10354
1293
10345
3650
1824
5154
10290
642
907
7255
641
1805
2553
1275
3607
2546
14338
3583
7160
1789
1264
2526
5046
2522
14244
7118
14210
14205
2507
1773
5002
14142
7055
7048
4969
1239
7003
6999
13995
2473
4944
13938
13923
1228
6943
6934
6932
13855
4894
2447
1728
1221
9761
4872
3441
9729
4858
13713
606
13694
3421
6834
604
13645
4814
9611
6794
9603
13556
9577
6769
2390
4775
3372
4766
9524
6714
3355
9486
4736
1672
6683
4722
6661
13319
2352
3319
586
9382
9369
9352
9348
2335
9317
6584
9305
13155
9297
9290
581
2318
4635
13076
13039
1627
1151
3253
9193
12991
9183
9177
9152
6470
9143
807
2279
1609
9102
6432
9082
12820
9063
3203
6400
9036
565
2257
9010
3177
2243
3171
6340
791
6331
2236
1118
1579
12619
4461
8911
8909
786
1111
8884
782
8843
8841
781
12477
1559
2202
1099
2196
2193
3096
6192
3090
8733
772
385
4358
6151
1538
12286
6134
6130
8665
6125
4329
1079
2159
12194
4309
2151
8595
4294
12139
6057
3024
2137
3022
12078
1509
1509
12060
12047
12040
752
6004
2996
8474
748
8465
1494
2985
1489
5952
4207
8411
372
8404
2098
2966
11849
1477
521
11793
2945
8317
2939
4152
366
11726
5860
4141
1035
4136
11685
4131
11678
2915
5827
16473
4117
1029
2908
11622
1453
8204
1448
11579
2890
8170
11547
4078
5765
1441
11517
11511
4059
11473
5728
11453
1011
1011
2019
8069
5696
8052
2013
1423
2839
8019
4007
8013
11316
5655
15984
705
15948
11262
11258
5613
11221
11214
701
7919
3958
11189
11187
1975
5584
5582
15786
3944
2784
696
2782
2780
7852
1963
11098
11086
11084
3917
11074
976
7808
7803
7801
344
974
1941
3877
5483
7749
7747
10953
7743
3871
2734
10924
15441
1929
7713
10898
1361
5436
5435
15369
10862
7660
10830
2706
5406
1910
1909
2699
10789
3810
2693
7614
3807
5380
7607
15205
2687
3797
5370
10724
5359
5350
946
7556
2668
1882
1882
7514
3756
10606
3747
2649
10591
3742
5287
660
3734
2638
7462
7455
466
10526
14874
929
1857
3713
1854
2620
7397
1307
1848
2612
7386
10441
7378
10420
1840
7358
3677
14707
14700
10386
10377
5187
7330
3663
5178
323
10345
10341
1827
10328
2581
1825
1290
10311
7285
3640
10278
20545
5128
7250
10239
1280
2557
904
7211
319
2545
5088
10173
14377
3592
10160
5077
634
2534
1266
10123
894
7139
1262
10091
10082
5039
10070
1259
10061
5030
7110
5024
3548
10034
14164
14162
10002
5000
7067
625
4992
1762
440
3523
4981
4979
7032
4971
14053
14051
9927
3506
3503
3502
1750
13974
9879
13961
4935
9867
13949
9860
13937
9850
9845
9843
2459
2457
3473
613
3469
867
4898
13843
6910
9768
3450
1724
2438
4869
6883
1718
3435
9710
4850
13715
4848
1713
2422
13691
6843
2419
2418
2413
4820
6812
4816
1701
9619
6800
3396
425
9594
2395
6765
9563
6754
13493
4768
9536
1191
9522
1683
9517
2378
3361
13433
1678
13423
2372
1676
592
6702
1674
3349
9464
1673
9457
9454
9452
4722
9442
13341
9423
1178
6658
1176
416
4698
1660
13280
2346
3318
3315
6626
13249
9360
4677
826
3306
9331
4665
6587
411
6581
6576
6571
4643
3282
4640
2319
3279
4633
3274
9255
2312
9246
1156
4619
1154
4614
6514
3254
13013
13008
3247
12979
12974
287
1620
2289
12950
9155
1618
1617
4570
9138
1141
12892
4556
12884
3220
6434
9090
1136
4541
9077
1604
2269
1604
1132
800
6402
3198
6395
9043
12786
9034
6385
12762
4505
9006
6366
2249
8993
1589
8976
8973
3171
4485
6338
8961
3165
2238
789
2231
6309
8918
12605
1575
2228
3147
6289
6286
2221
4441
1109
12542
8867
3134
6265
6262
12513
4423
4421
4420
4417
4416
2207
2206
12477
6237
12464
1558
8809
6227
6224
6222
8790
8788
8778
8776
3101
8769
8764
8761
1549
6191
12373
12371
2186
12355
4367
8718
8715
8713
6159
12310
3076
543
4347
8681
1535
383
12269
1533
4334
6124
12248
8657
8653
4324
6108
6104
4314
6096
6094
8616
4305
6086
8604
12160
4297
269
6072
12141
2145
12129
6062
535
4284
6053
1512
8549
756
4272
3017
4266
3016
4261
4261
533
8517
8507
12027
8498
8496
4246
8488
12001
11999
5996
8479
5995
1498
2993
2116
265
8461
11963
5977
5976
8445
528
11929
264
372
4213
4206
4202
5939
4199
11873
5935
1483
8387
11857
11849
11840
4185
740
11827
2953
4176
11805
2950
8343
4170
4167
11784
11776
5886
4161
2079
8314
519
11748
4153
8303
8298
4148
16588
4145
1036
5857
5852
2069
1461
4132
517
1032
8257
2917
8247
