3
110
131
87
114
45
53
86
710
533
3478
112
134
9
32
455
455
3478
59
632
167
53
140
110
20
533
137
137
33
806
5
95
3542
52
205
107
1440
1476
168
39
3795
281
3478
153
3
44
276
144
672
147
443
4
234
191
1448
168
179
337
3478
137
695
15
196
86
695
41
153
210
42
234
185
96
150
95
110
115
94
138
576
488
224
25
99
127
100
69
3478
45
3542
128
88
33
32
419
32
234
127
61
224
62
4059
84
67
114
84
86
3
75
196
137
78
5
110
127
115
38
168
127
26
632
3542
44
110
209
46
14
710
147
42
114
210
234
112
36
82
83
44
312
279
109
9
141
1208
185
69
62
210
210
135
185
224
134
84
62
134
87
1208
84
15
82
61
36
135
44
33
41
43
29
