582338
475477
368303
311273
248310
228412
399480
377871
242852
305859
418364
191471
363783
355223
339771
159980
303256
210889
284575
138222
192778
262072
255679
246911
167238
115890
162294
450374
157764
438254
146156
287815
281442
98786
381656
67020
185902
258022
180251
354194
348208
346278
476720
237122
58675
233520
56695
311970
154604
307856
53953
602693
53049
294055
205486
101564
71011
400217
395858
196515
138465
384898
66472
264171
93100
523317
181066
179446
353684
176334
175333
347722
343912
241218
239301
238048
167023
82666
164504
57589
227592
160549
448803
79155
157224
221342
310926
435850
433955
433016
107789
212861
52776
420488
147469
73441
292026
144321
288090
283257
281700
197395
34708
97651
34464
274279
384570
47827
269195
268746
378182
133051
132619
66203
741840
65057
129911
183152
91155
256648
128129
31746
179048
63025
250634
351913
247432
347480
61088
30419
60590
120852
60104
239459
337756
83999
335124
117426
116687
327582
57837
325180
114829
114551
228824
321672
225582
225055
317906
448543
222474
443937
313556
442433
437528
436567
307353
76424
215234
214776
151387
106710
211869
299010
74523
148589
147988
147543
146663
292745
583765
412379
290179
204989
289059
406838
203226
404531
285778
284974
141303
282087
281828
70329
35068
34973
394260
98301
392160
388394
274397
386385
272280
135563
135220
67440
190111
133763
133542
133215
66444
66390
132459
186423
371362
130367
130266
260125
259518
91683
129358
91330
258121
364479
181408
32044
361721
357175
89098
251455
177289
124553
87760
174654
123325
174286
61534
245620
86600
244603
86421
121966
60734
171199
21385
241624
482922
42628
170168
119848
337645
336761
237198
167399
236434
58995
117687
117538
117239
234182
164865
164658
116214
232283
231994
163741
163640
163338
230288
228894
456960
40341
322539
113223
319867
452093
318742
317628
39681
158263
223303
19703
39339
55539
55257
156029
220411
220287
439105
309635
218223
307940
108401
305448
304956
53852
107646
152071
107474
428755
151108
150871
301268
37483
149852
18655
149160
419528
52361
295604
104354
294863
208396
294421
146918
207464
146337
146264
291811
72703
205138
289687
144425
408301
203955
101928
406742
143396
286655
17849
50460
142521
402732
402544
35498
70863
199603
140369
198332
17506
139799
49249
49227
278224
196384
391380
24450
390863
137949
137767
194578
274935
137110
274100
136403
136227
192572
48082
192162
271413
67653
191109
23868
16870
23829
190469
380461
33544
189521
267691
266921
533404
266375
33215
265293
187363
264757
65844
32804
130959
369823
369532
260991
368952
65146
366943
258867
365951
32247
257577
128690
181581
362199
180759
127768
127672
254960
254675
254390
359493
359360
126958
253635
179081
253073
357767
31587
252237
356586
355935
355416
88790
250499
44203
249509
44091
249152
88025
21999
248177
247563
123694
247128
349001
87158
87098
347299
86704
244814
244560
30539
121986
21527
21483
21433
121159
171171
120913
21367
21268
340167
240134
14989
338927
338145
84481
337478
119083
29742
29683
335612
335286
83552
83417
166782
235262
165671
234145
165514
82601
165046
41236
58206
328958
328548
232174
463773
462201
462059
326525
115408
115197
324439
162171
458271
161877
114361
228583
456755
456617
227899
322105
113678
160717
40119
453766
226347
20001
28218
159487
224891
79326
224109
27997
19791
55946
79097
223015
315031
39311
222190
313778
221811
156756
442996
442871
625784
312452
39045
311839
110098
38914
109914
13713
438436
219097
109458
309251
38625
308742
77016
76890
27177
153655
108445
108357
27074
305982
108036
107920
152499
215492
429723
53673
107317
107174
106976
427681
151089
213168
301386
425667
37556
424671
75053
424011
211623
149563
298817
210808
421401
297747
210485
297520
210217
26270
26230
209738
147933
18441
208317
294532
294385
294164
415701
293872
293653
73213
292782
146282
25808
25790
291347
291275
25727
145319
145037
102532
289863
289652
408939
289025
51081
407763
143754
203057
143481
143447
286554
71621
35768
202289
202052
285543
285476
403251
50395
284741
402404
402029
70823
400170
70725
99905
141157
141059
24907
70304
70257
280643
396351
140099
197729
98798
34915
17446
197241
24606
278317
98291
196275
98072
34658
277207
12245
390820
138146
48778
48745
389282
194472
194345
48554
68533
193505
386926
17092
273303
96607
193089
385929
272601
385268
136039
48035
383551
67788
95807
23942
95584
270126
381057
134668
95204
190329
190210
380342
189934
134248
189579
188994
188799
266838
188452
66532
376135
23485
375295
265320
33152
132526
23408
187155
46742
186928
264250
131940
186479
372733
131728
131650
263246
46489
32866
65629
65551
261995
184930
130713
261273
130483
46123
184386
260607
368339
367335
64899
64811
91620
258942
32336
45695
129097
64437
91094
64401
515007
363334
22682
362714
181322
128021
45236
255752
127708
255176
11262
63686
359260
359059
15860
44833
358395
44775
506379
253143
89400
357405
178637
15786
178505
356292
178049
503505
88976
355319
125602
15694
354740
501587
125329
250566
249980
88333
62428
249621
249442
249218
351444
248155
248111
21919
43821
15490
87596
43791
61874
123596
174700
349276
174516
348725
348542
347934
122971
347753
61442
122566
43318
122438
489332
172915
345652
172707
172618
86221
43095
30457
10767
243493
86059
86015
343999
243037
30375
485332
343007
121066
21395
85492
42695
30120
340593
60109
21244
42426
29979
479434
239638
338731
338340
29890
59751
238810
238770
238575
21067
42105
168285
84129
10508
118801
83924
83856
41846
83679
83652
236453
167117
236262
166955
333429
166581
117734
41605
166395
470412
117510
117398
331998
331735
165788
117175
58559
58523
330897
41330
10328
41304
58384
29178
58330
233135
164749
465108
164364
82042
164058
231689
163779
163677
231296
461528
230622
115153
162801
325551
325303
459838
459768
162478
81215
28674
114629
114525
457477
114232
14273
322901
161306
57004
161112
161088
321936
227609
227508
454676
321170
160538
113315
226597
56582
226297
39974
159874
451861
112799
112766
159452
318812
56325
112519
79528
158988
224810
224614
112176
112111
56040
79217
158092
316139
19745
223352
446511
19728
315504
157684
315188
157527
157482
55630
157280
39297
222111
222048
156855
313445
156612
312694
221014
27604
110368
441408
220364
38934
439930
439624
13733
155215
155172
38788
27416
309956
109526
218960
27362
154722
436717
154254
217999
217970
435582
307793
217613
217376
54336
76749
433455
153063
153001
305673
19081
152591
431533
431014
430898
107681
53834
215191
152082
429865
107423
303718
151779
214590
37920
37914
151558
151538
151417
151377
151318
302515
213883
427427
213657
106731
213209
150722
53268
13300
150427
425252
150290
212487
106189
53080
37500
299879
13249
299531
423272
211582
149591
211147
298530
149035
297957
210606
297614
148693
420194
105009
296934
104969
296821
209645
104783
148073
209301
209221
147905
418021
208984
73831
147386
294476
416401
208122
207837
146835
207579
293380
207297
146526
51799
103571
207041
103456
146255
12923
412910
51570
72904
412304
18213
25737
51419
72673
25690
72620
51344
290372
205250
102500
72452
36217
144748
144713
409260
204580
12776
204334
102094
144175
288177
203699
407203
12717
203456
287217
203045
71762
35877
17926
25344
25324
405033
35728
201968
201874
8918
403369
403321
201613
50344
201260
201167
284228
25119
284029
25085
141867
35463
100233
200397
141571
100071
282914
141425
141359
70663
199798
282427
99818
17640
70510
199363
99658
35223
281683
398179
70317
70300
280882
280819
198434
99206
396597
280341
99104
99048
279962
69982
139933
98836
279457
394548
197207
139416
98538
98482
34796
139135
393491
98219
392834
392703
277622
392573
392225
277161
69282
69260
138443
97850
195442
138108
34516
390113
137881
551402
389601
275400
275339
97283
388964
274949
68693
194250
137310
24257
137176
274175
137072
34238
273613
193432
34191
136688
273113
386074
192995
34091
272674
272644
136278
192500
96219
192295
33982
135887
192071
384019
95994
271369
271341
135642
271254
135469
191562
47880
135384
270681
382559
382438
191078
47745
381716
134914
381436
47669
190320
380361
47516
268704
268649
134282
134268
536740
94854
379179
66974
94706
33467
94619
267318
133645
66782
33380
133495
133453
377115
266634
66617
94182
188326
94106
376269
132990
46991
265764
187866
11735
265441
375352
375123
374896
46852
66213
66192
264556
93507
373989
373800
93413
373313
11663
