569
464
360
6991
242
2007
1755
185
1173
1045
144
1454
8666
858
821
110
523
1956
7172
95
3294
90
1147
19351
1551
1680
3090
11273
1309
1437
1070
1194
1305
477
856
1243
1219
3968
933
3607
6792
14645
1105
9667
286
2907
830
915
2615
3135
3108
1300
1709
1167
250
644
735
1123
821
1007
621
1362
229
2234
1045
135
1635
832
129
1334
1412
8361
1049
374
867
1520
448
1170
200
6004
1846
509
813
29178
959
26325
1176
940
6629
4148
260
1653
619
1052
83124
7135
249
1444
175
933
3266
238
1118
2056
437
1573
630
759
6341
1410
293
32
10845
1454
1248
730
2378
3572
1038
720
281
8400
5779
1138
336
1670
4137
1529
1282
148
1449
30
6015
438
3585
8902
7722
2608
28
2855
649
1094
2270
419
251
6357
6635
10575
2606
1943
9096
731
1542
72009
133
239
1034
448
341
183
4102
807
1370
299731
1363
2436
587
11485
1088
429
2846
125
876
675
1621
1514
818
1851
1208
6025
268
1095
1094
218
1428
2728
601
2471
1555
118
402
2994
23
1380
723
1373
1090
669
2097
1632
1628
1535
1577
2707
838
23
1416
875
649
738
6452
646
1091
115499
553
1526
154
12096
2283
108
1579
21
3791
575
3767
1850
573
4048
1923
696
4830
2715
8532
1274
605
1188
104
2018
2097
558
803
1664
1985
1736
836
5681
1726
10609
87068
2081
10482
944
1584
260
540
579
339
4046
1013
2350
729
1634
334
1426
18600
20
1536
1957
600
1139
250
365
710
57
1697
1618
513
1083
208
2210
56
2724
3236
12468
1730
1059
241
2245
389
18
2157
1454
459
4043
1115
3915
855
90
126
1244
990
1061
2535
14856
125
125
2946
767
1050
798
88
1714
2978
2131
1601
228
5071
17
17
6673
2699
643
6272
399
4002
674
1429
3785
2036
1418
1006
4674
934
1714
186
219
759
185
50
1025
2031
855
284
1421
1614
1213
1146
348
22002
1672
17
16
708
5813
2220
1002
395654
1031
1553
2531
2426
927
2161
8673
825
80
1211
5479
720
399
175
972
9219
5841
79
47
1721
1373
1778
2561
8055
12392
5484
1949
202
794
1415
12849
3864
16
16
15
1779
942
509
262
5380
138
32073
10579
3020
5745
351
808
4764
3758
6490
683
379
2528
951
558
2457
165
1338
285
2082
194
2195
3446
1326
312
787
9534
1464
783
4740
1283
1902
1805
337
2153
453
2061
510
189
1761
9400
12468
4389
3199
419
160356
1079
158
387
414
728
10809
1496
327
896
1292
1007
4152
1515
2277
1508
3988
746
436
154
1385
769
321
600
1325
125
2549
97
14889
597
1539
873
2893
733
179
65249
812
426
12415
1464
7833
669
4548
723
1760
5482
1073
2075
1260
392
879
1176
1175
14
13
217051
2034
1089
1974
2994
174
2984
628
494
734
1160
3798
16233
438
1021
51710
4387
833
753
3580
14504
329
65
460
3404
432
746
353
7413
900
1030
195
2327
10906
1103
1412
945
2395
11858
916
52084
2023
5233
912
1913
757
38
474
2448
7257
959
293
394
2706
749
2577
15288
925
3840
1760
117000
593
3621
3765
1044
1143
2801
34911
1065
25334
13
13
12
461
386
2330
584
31260
755
1101
1076
1050
1544
777
1221
283
10529
4198
24214
602
503
969
870
647
329
1305
1401
450
36
1227
521
2169
1343
1873
1075
301
590
18346
180
1407
1044
1908
587
1448
1782
1279
155
5365
655
1060
59
606
415
2004
201
651
2494
743
1734
318
82
5102
553
1400
505
2267
1607
3644
1251
479
689
198
2856
1013
383
2822
2264
754
1844
4604
2351
18190
2046
29334
817
1576
11
516
401
1913
1842
1178
2001
651
2455
1061
467
6395
1310
944
625
10422
1556
624
1305
28726
419
758
938
1231
101
597
1498
776
1946
2732
2146
752
1198
13959
592
4503
55
3335
189
790
1500
1255
366
22330
210
918
276
4500
938
474
2128
2764
1529
3549
384
120
317
1608
601
76
9294
862
1102
1755
2822
2407
32925
3189
206
1335
12907
3917
54
32
4125
1265
378
1156
248
463
118
1087
5715
462
741
696
53
1401
887
1357
1656
5886
181
2358
1140
1459
926
95
1201
669
880
1113
2576
1960
454
1278
200
1487
3342
1633
1674
1210
6235
2722
11
11
10
10
9451
891
2022
1393
1140
1244
1221
824
427
7008
114
986
238
1896
9385
3836
692
1911
29835
670
2010
793
710
504
1059
3216
133
687
810
2142
2325
1156
6984
91479
1520
785
968
1905
845
254
50
416
294
1755
74825
395
800
779
374
3428
232
1020
70
373
292
24504
1138
1299
2849
392
593
492
130
190
250
1110
1690
1368
1068
249
1964
686
2177
89
605
1121
1973
2210
2507
1218
663
2561
1235
38186
79947
1408
3593
10424
49
1130
638
2504
500
2384
1304
1009
538
3807
28246
2178
2273
2819
2115
945
282
515
1351
87
15015
592
1154
785
3712
959
35547
899
7607
589
666
973
2881
298
1569
3474
394
240
4739
624
1200
854
412
757
18160
1656
794
1367
869
1193
2392
6164
961
1208
675
9
9
559
786
1013
1012
255
1144
1881
4015
500
2633
594
839
329
1175
460
1268
84
234
2204
796
215
84
9912
774
270
1071
2447
38353
65
11714
436
343
213
788
1418
157
3880
305
860
9296
6056
2468
249
2115
2741
950
2444
396
1447
801
2127
708
2435
1001
1717
1568
889
45
31800
833
503
265
667
6480
4669
246
483
1176
264
1301
63
3897
2170
5056
81
353
81
110686
1529
11501
38313
623
153
189
225
1235
297
495
567
3771
1428
1265
5375
170
3556
814
3140
1457
17682
2813
1866
62
1115
490
579
258
1450
1591
595
737
1607
3931
1870
1355
593
150
1584
2681
893
1210
26
30191
573
12287
220
943
255
1118
1346
1098
1677
816
605
552
2411
656
1671
1233
778
1197
987
829
497
1280
1105
43
2948
1625
634
825
2178
1344
459
320
1290
1220
579
2412
2014
2099
10787
336
1233
353
215
594
680
94
2573
1488
851
180
1864
1142
1279
815
4590
5031
985
1001
1035
2300
2847
555
213
606
7743
810
554
2072
2666
1047
9
8
8
1282
755
1484
9760
2026
1735
719
668
228
414
1749
312
768
5124
3248
2808
109
1422
395
1790
260
596
1838
545
612
1165
11222
896
594
6889
4962
610
4188
12891
743
1360
975
558
908
491
29469
1422
1272
307
739
1038
1536
1501
240
621
11241
1515
6050
1613
620
140
1926
1380
2785
1048
437
635
3044
1080
288
1046
897
518
567
2129
1372
928
631
1237
925
3774
990
3592
695
302
1659
890
2228
6015
9944
660
252
480
496
1456
1895
642
5809
1600
1599
868
105
624
1175
1126
56
2194
3440
671
1609
1997
638
1203
1122
2138
1137
330
620
1748
3535
1521
281
490
