3
23
11
11
9
22
31
23
4
48
2
36
5
9
26
15
15
2
11
8
26
31
41
23
14
48
12
12
7
11
14
25
40
7
3
24
25
16
22
9
22
5
2
6
3
17
39
19
33
8
3
16
14
6
34
22
17
36
2
12
12
15
21
23
12
26
6
45
19
29
29
10
16
25
15
24
44
37
27
29
10
46
26
20
15
68
2
15
40
21
3
7
26
9
26
29
20
6
45
24
41
27
4
39
2
28
3
8
21
12
10
14
23
20
24
12
22
20
4
8
40
40
23
25
12
34
4
8
19
9
45
14
22
22
4
19
20
25
27
36
9
6
20
29
68
19
45
45
2
29
45
27
27
24
5
7
20
2
15
4
6
22
2
20
7
40
4
12
