569
464
360
860
242
315
552
185
335
299
144
264
502
173
235
110
209
583
197
95
377
90
177
121
115
453
158
155
436
303
285
141
137
96
264
93
182
356
124
86
240
85
165
232
458
323
221
215
75
213
75
589
147
102
401
281
277
195
273
271
270
532
184
64
129
256
63
350
345
244
61
340
237
167
330
232
461
161
321
80
314
314
77
155
109
306
304
150
300
150
211
73
292
290
407
143
143
70
99
196
138
273
136
381
190
189
266
374
131
186
131
32
130
259
91
64
179
126
45
251
88
701
350
44
87
122
242
339
239
238
335
30
42
331
82
656
231
324
28
452
56
225
159
316
40
56
312
155
220
110
435
307
217
306
76
301
38
106
420
297
105
208
103
36
146
410
145
408
203
71
143
403
200
142
200
140
198
198
140
394
34
275
195
389
68
386
193
272
191
379
33
377
23
374
373
263
263
369
184
33
184
259
91
46
256
23
254
64
253
90
253
505
32
44
251
89
500
174
44
246
122
21
171
171
120
340
42
480
478
84
338
168
336
236
84
29
333
167
118
59
466
164
232
163
115
81
163
230
40
323
80
227
113
160
227
57
56
160
80
40
112
158
157
111
110
20
28
78
77
155
55
38
307
108
432
215
304
108
214
302
107
425
299
105
211
297
297
53
52
18
148
295
588
104
103
52
51
410
205
26
408
204
204
288
101
203
51
50
142
35
401
141
71
70
282
100
140
17
17
139
99
278
70
69
25
391
97
69
68
193
97
192
385
543
384
96
68
67
191
135
48
268
379
379
188
24
24
266
265
133
17
16
186
186
372
46
372
66
93
261
261
260
33
183
130
91
259
514
362
362
181
180
127
360
22
253
358
357
31
252
251
355
63
177
176
249
124
352
248
16
16
15
350
495
124
124
174
348
44
348
174
173
86
345
345
244
22
122
122
242
85
242
341
120
340
43
170
239
85
478
239
168
336
237
167
237
236
30
30
117
42
235
166
59
233
82
117
164
232
20
464
232
326
81
461
162
324
323
229
29
28
81
227
454
113
321
226
160
160
159
225
80
158
633
316
40
39
316
112
111
223
222
56
55
222
222
111
110
220
311
220
77
310
309
437
155
154
38
218
154
108
306
217
77
76
14
13
153
153
305
108
107
304
152
54
53
302
75
213
302
150
212
425
38
300
212
150
423
106
75
74
210
420
297
210
18
104
295
148
294
294
73
207
415
147
104
413
37
413
146
145
206
206
205
290
410
102
290
144
407
203
203
287
102
101
101
406
71
71
51
143
142
285
284
100
401
401
13
13
12
282
200
71
100
199
280
18
18
396
396
198
198
140
139
394
98
278
70
69
278
196
195
391
34
97
276
195
275
49
69
194
193
97
96
546
273
193
384
384
271
136
135
191
191
271
67
382
191
190
48
47
268
379
379
94
94
134
133
133
189
188
376
24
531
265
132
374
265
94
16
187
47
46
46
131
372
263
185
185
370
131
521
261
11
32
367
183
130
130
129
92
259
258
183
65
65
364
46
45
45
129
129
182
182
256
91
90
181
181
128
127
360
23
22
254
254
254
90
89
126
253
178
32
44
44
252
251
125
251
89
89
63
62
177
249
352
124
498
15
351
350
495
87
87
350
350
123
175
174
174
247
43
61
61
348
173
173
173
122
122
87
87
31
30
172
488
244
22
172
485
343
342
61
61
60
60
85
241
171
171
121
341
340
481
340
340
339
239
338
85
84
478
338
239
169
60
60
11
11
10
10
238
238
336
336
118
118
236
236
30
334
471
333
42
41
234
468
59
59
58
234
234
83
82
466
116
165
164
232
232
15
14
464
232
163
116
116
115
326
326
82
326
58
57
163
162
162
230
459
41
40
114
114
323
229
162
161
456
29
29
28
456
80
228
114
113
227
227
453
452
57
56
319
319
80
79
79
225
225
224
224
449
158
317
316
39
112
112
111
158
157
223
222
314
314
79
56
314
314
156
156
111
110
442
20
19
312
311
311
28
27
440
311
220
220
439
77
109
109
309
437
437
309
55
55
54
39
38
435
218
217
307
154
109
108
307
217
77
76
305
432
152
152
152
9
9
430
304
215
152
152
152
151
54
53
302
302
76
302
107
106
151
425
213
213
38
38
26
299
149
149
106
75
75
74
210
210
297
297
420
53
52
420
297
210
210
19
19
18
18
105
105
104
104
104
148
148
208
294
294
589
73
416
294
208
208
207
415
146
104
104
293
413
207
37
292
292
146
145
145
206
290
73
73
72
72
72
290
289
204
145
144
144
26
26
25
204
288
288
287
101
406
287
203
202
72
72
72
71
51
50
50
143
142
403
403
285
101
36
35
35
201
201
201
200
13
12
12
565
283
283
283
200
200
70
100
99
99
398
141
140
280
280
396
396
17
17
396
396
140
139
394
99
98
98
98
70
69
196
278
278
25
24
24
139
138
391
196
195
391
391
35
35
34
98
97
97
275
275
389
138
138
137
275
275
48
48
69
69
68
194
194
193
273
273
387
97
96
9
8
8
192
385
384
384
384
384
384
383
136
136
135
191
271
271
270
96
67
381
270
190
190
190
135
134
134
47
47
269
268
379
34
33
33
379
379
267
94
94
134
133
189
189
188
266
377
377
67
23
23
266
265
265
188
188
133
133
132
132
132
94
94
94
93
93
17
16
187
187
186
264
263
263
131
263
186
186
186
185
185
66
65
370
92
92
261
261
131
131
130
184
369
261
11
11
520
33
33
32
367
367
184
184
183
367
367
367
130
92
92
91
259
258
517
183
65
65
365
364
